	Bac.1.H.A.K	Bac.1.H.A.L	Bac.1.H.A.M	Bac.1.H.B.K	Bac.1.H.B.L	Bac.1.H.B.M	Bac.1.H.C.K	Bac.1.H.C.L	Bac.1.H.C.M	Bac.1.H.D.K	Bac.1.H.D.L	Bac.1.H.D.M	Bac.1.P.A.K	Bac.1.P.A.L	Bac.1.P.A.M	Bac.1.P.B.K	Bac.1.P.B.L	Bac.1.P.B.M	Bac.1.P.C.K	Bac.1.P.C.L	Bac.1.P.C.M	Bac.1.P.D.K	Bac.1.P.D.L	Bac.1.P.D.M	Bac.2.H.A.K	Bac.2.H.A.L	Bac.2.H.A.M	Bac.2.H.B.K	Bac.2.H.B.L	Bac.2.H.B.M	Bac.2.H.C.K	Bac.2.H.C.L	Bac.2.H.C.M	Bac.2.H.D.K	Bac.2.H.D.L	Bac.2.H.D.M	Bac.2.P.A.K	Bac.2.P.A.L	Bac.2.P.A.M	Bac.2.P.B.K	Bac.2.P.B.L	Bac.2.P.B.M	Bac.2.P.C.K	Bac.2.P.C.L	Bac.2.P.C.M	Bac.2.P.D.K	Bac.2.P.D.L	Bac.2.P.D.M	Bac.3.H.A.K	Bac.3.H.A.L	Bac.3.H.A.M	Bac.3.H.B.K	Bac.3.H.B.L	Bac.3.H.B.M	Bac.3.H.C.K	Bac.3.H.C.L	Bac.3.H.C.M	Bac.3.H.D.K	Bac.3.H.D.L	Bac.3.H.D.M	Bac.3.P.A.K	Bac.3.P.A.L	Bac.3.P.A.M	Bac.3.P.B.K	Bac.3.P.B.L	Bac.3.P.B.M	Bac.3.P.C.K	Bac.3.P.C.L	Bac.3.P.C.M	Bac.3.P.D.K	Bac.3.P.D.L	Bac.3.P.D.M
Bac.1.H.A.K	0.0	66.651650460007	65.66370794602287	68.58932367527618	67.61902855535726	64.4502951560032	67.02066929081228	66.41290660868421	68.1017915668772	70.28174453578109	70.7909046576862	69.75058261476232	61.58082763740606	65.06751147217001	66.64866607935541	64.80523558071356	64.35656354379246	64.52174760046091	65.74122938157487	64.40785242949863	64.73573194150359	65.39157365995605	64.96181255343926	65.37161221693945	66.15648872152616	65.2923224245015	66.69239955548129	64.94316275819546	65.35293551562853	64.74704116569933	66.49005839493742	67.69928848465669	64.79574420090695	66.77807612017523	66.31054445025109	65.32206784139294	63.814694717013076	64.28246721556954	65.3110065771759	63.95823493778374	61.76749636147492	65.43474993702259	66.70837201938707	62.73443869914807	64.84480624189567	67.12475461378284	64.78712059456872	64.41612516140397	66.41094614143191	62.888192561307015	68.30708767140341	63.1559490053643	64.53105453331688	62.61245226977135	66.77508464789693	65.76670878325368	66.71523788570354	66.53648959064144	67.15917459834571	65.33176452969757	64.45176717690029	63.90159660474665	63.505790215992874	63.15517319546154	65.51137277977281	65.40631534247831	66.4830205368294	65.13240739593171	68.22867688299748	67.87256746112683	65.03583329608486	64.33278415532212
Bac.1.H.A.L	66.651650460007	0.0	65.69981263334319	67.53233572074822	67.38905359213962	65.52072038928306	66.38747458661815	66.5927153949526	67.25875661940977	69.73014253899014	69.81436767718387	70.06760663091485	64.56786091722391	65.35986374805654	67.93089098853712	65.01710587438623	65.25123718302555	64.34401175377155	65.67841721312176	66.1252256408057	65.30785459843321	65.40639402462577	65.14045491564501	65.00475054903747	67.58406120389132	65.78405316518429	67.50679829967486	65.66539483132722	66.46789177063344	64.93570515552359	66.25383756988154	67.35834066829851	65.65913368989084	66.86910653385168	65.96921518634984	64.55687304162328	64.42587806499368	64.39174533154579	65.6629827193765	64.70593198453581	63.01807430593693	65.24725750247953	65.51323319895167	62.942231383408945	64.84335873826004	65.82859041331872	65.24094375981835	64.0561832610542	65.95013244937282	63.189600787401154	68.27549648722255	63.833856586377465	64.59465984876454	62.30337130131805	66.33448115869679	66.00155412701616	65.83439118275052	65.80810169389733	67.62111305178526	66.07650056677512	65.83072353779161	62.80985006219682	64.79029375450143	64.03404512866726	65.09411555658079	65.00305558917843	66.89649358858058	64.69124453170227	66.21848607735443	67.25585408817174	64.75960688017237	65.29769407520406
Bac.1.H.A.M	65.66370794602287	65.69981263334319	0.0	67.33472981207566	68.05120275671321	64.9381653507512	66.42017559156255	66.18698633447255	67.24743424990778	70.51029776964376	70.35533174205723	70.13514321439543	63.900162378181605	66.27700577831796	67.46272936572443	64.26741682265168	64.95800714626432	65.05516963471666	66.00454522253125	65.30281470092912	65.42682392720184	65.34371178365984	65.61759023322905	64.92631831175015	66.0769353587365	65.32787680076103	66.33570455866885	64.37460618665094	64.67337716613224	65.36321467077431	64.32297088645525	66.2509402978055	64.97318554396297	66.24851302755863	66.22079150379798	64.93636599725984	64.85937807179327	63.33138510465585	64.10232695530908	63.97156807702892	62.48627391208744	64.50347540396	65.2553826865636	62.61125840588839	64.25255788786254	65.72442539454659	64.26118671084744	64.15676099021789	65.09691701405072	61.567133163635745	67.67940597152597	62.73438158602981	63.448637398524276	62.62466252519241	66.3450975630919	64.45423462553515	65.43222006492644	64.98495572296056	66.54906632964831	65.22606544844761	64.1620779791053	62.82826352218138	63.41665470720796	63.90145973307941	65.6404303819057	63.54351130818089	65.6549430758029	65.30162323386058	67.19983950398861	67.49958871244417	65.52244676818289	64.57597747620994
Bac.1.H.B.K	68.58932367527618	67.53233572074822	67.33472981207566	0.0	68.20724410230561	66.58690303041139	68.15824437579329	67.4628293285764	66.96448990001649	70.43799840301557	71.38259160893847	70.16967753966186	66.04022560570613	66.49253566831926	69.28891926839127	66.5910513904615	67.89107735212251	67.24675010491373	66.99934513744509	67.83721942819713	67.08123107229727	66.34478013881211	68.0695304567916	66.21506410469833	67.20684025718559	64.92625851949337	67.89792118993174	66.28743307769763	66.27408944173746	67.69524093931416	66.27038789042858	67.1931243724632	66.09551408708333	69.16731937842218	67.08500919308638	66.67613328962172	67.43120689094339	66.23312877584631	67.15077647046569	65.1530393300599	64.51870881563632	67.94612187143099	67.24728408283933	64.47747384583775	66.93209651904706	67.59871168590212	65.50685093020947	66.29734712801479	67.2279391023457	62.5588226559989	68.10419367185379	64.95738711622514	65.33544527096835	64.42183761735058	67.9770535215197	65.62871275911021	66.27813669432481	66.96938668512054	67.0498250874933	65.74668799891623	65.05951556830868	65.54657971110137	65.39399620000823	65.54632972356474	66.43812547147876	66.20788039786038	67.87970696769453	67.17872613368525	67.74562628478265	67.56303825074423	67.03180029197156	67.80116741220563
Bac.1.H.B.L	67.61902855535726	67.38905359213962	68.05120275671321	68.20724410230561	0.0	65.93359685559885	67.4651297484552	68.22027464823076	67.03858921609746	70.84665513624402	71.08132231322843	72.11671833326442	64.06056218152874	65.95213143719066	68.45755407735102	65.23783714043755	65.04128169915658	64.83936008125076	66.66714495750358	66.01090700782734	64.24270748055687	65.88864634333612	65.1507978860028	65.72509529008286	67.62028916321275	66.17085626454042	67.65741330430235	66.77553235781221	66.22693173345542	67.0348663441572	66.0037000135834	68.23861390404885	66.13839863496167	67.31748297496094	67.01931923656507	66.87906000738619	65.95411676130657	66.04379848839665	66.58937900253184	65.2979536302781	62.624579703465194	67.62352725774441	66.41083232862951	63.07642780652464	67.52457912116641	67.57440670108869	65.78520029661891	65.92483454003411	67.87835853335687	62.96323048276136	68.7998439711044	63.799346491972564	65.3934602101602	64.68108260241034	68.80695113076177	66.74034487658037	67.5306996714502	67.12293557948963	68.00583638543576	66.27750182141378	66.76223730041399	64.42979427438696	64.57631637359444	64.32865585873682	65.54908987476209	66.06803679980908	68.3040614430262	66.70387906924043	67.42353946325234	67.49702889920043	66.87698474710777	65.00422063379662
Bac.1.H.B.M	64.4502951560032	65.52072038928306	64.9381653507512	66.58690303041139	65.93359685559885	0.0	65.23331007608337	65.78040020477363	65.28238318326879	70.10732783207375	69.58328757011705	68.85426383814493	63.28297533398228	65.1463732200191	67.22795422324074	64.4008240180182	65.09274241837882	64.24763551758922	64.9319162398749	65.24281673596336	64.32151538725923	65.18324881334507	66.02685034646437	65.47272526146476	65.62720752166632	64.72804725889755	66.29097625358877	64.16134590360478	63.93521813397215	64.92867345364333	65.08670561646406	66.53733309415136	64.2779518434165	67.12284370883059	65.30423044220538	64.54922233322856	63.58889447204369	63.835959161097115	63.96378501185759	63.07039010968747	61.44182427613966	64.2227041826443	64.50996990545693	61.172651558508385	64.11266403736929	65.98788019360968	63.07499015310115	64.23648855424204	66.20660039864299	61.49855972118763	66.91504746661191	62.393640683565835	63.519583110993416	61.69805625784919	65.47161145807611	64.89388824250388	64.71505333609802	66.01180430192365	65.99594850594916	64.12164452916468	62.60142701451055	63.824349736878524	63.808675524066025	63.91554967432748	65.20163965216845	64.20453284155252	66.37702105879087	64.29526154902554	66.76978662077772	66.40170615772129	66.10666652861042	65.01291405239921
Bac.1.H.C.K	67.02066929081228	66.38747458661815	66.42017559156255	68.15824437579329	67.4651297484552	65.23331007608337	0.0	67.74756005045421	68.04881817850664	70.63913378184746	70.90679185720745	70.60516516322583	65.34135060053823	67.25164299646343	67.88190298147703	64.24250154146458	65.9863341838351	66.51116018852862	66.10511227424703	65.92181854523818	65.3447806828675	65.58010117941778	65.82224635344873	66.4654228064281	68.65080977603833	66.68044375294454	66.48166662246354	66.3565583991686	65.62460585572569	65.98862238435169	65.241858898308	67.02119638860029	65.50731084324904	66.75737009083065	67.19343984602817	66.55748616358468	65.16796442375575	65.17754734599708	64.61278705985356	65.61378589781636	62.07451213165699	65.31331705734296	66.42743008360696	63.39091049488037	65.01395531807998	66.38446478249406	65.90775222215328	65.46189660012244	67.60763411809702	64.10508306363681	69.32751035955368	63.6420274003274	65.6923511344208	63.94164206369066	66.57554758578738	65.84820027301471	65.6611312304134	65.77223572228004	67.14336133207976	65.53982266490074	66.51664483570234	64.64891835801009	64.8801341462987	64.84585595977414	66.14384076437031	64.95038132187754	66.54620218718053	65.76578459105644	67.17552757587974	66.73104351943918	65.39889400625022	65.5555371654765
Bac.1.H.C.L	66.41290660868421	66.5927153949526	66.18698633447255	67.4628293285764	68.22027464823076	65.78040020477363	67.74756005045421	0.0	66.78987209350295	70.36767797258462	71.09221163710585	70.52577598864552	64.84623283992252	66.90102293737547	68.67707041319387	67.05645970538002	66.56347565018733	65.19079531917934	66.53040219887855	66.92609253577582	66.29593056855542	66.35853824346263	67.39870830734468	65.8229026447715	67.45881489187991	65.40184162651971	66.55930819992494	64.05503962341811	65.43862664169431	65.2951690471994	65.90371024184725	66.03055016839849	64.70428843424786	67.15827492214504	66.3424422412712	66.38969099620176	65.71281583327377	64.3062928861286	66.09331352167928	64.11247670425276	62.5071738109574	66.06088718850393	65.89214675922987	62.93465488153868	65.73929376032032	66.60973196582381	66.55249713032393	64.940414490809	66.3888175320338	62.34028784361952	68.58125350013597	64.69465786268103	64.43276956913552	63.609617277428605	66.61137885934238	66.6400658225472	67.02489834150232	67.15408563301831	66.43392020473212	67.16270580953693	65.44863339780215	64.57889374734674	64.50166573234625	65.12112482427747	65.31297335768645	64.54688465943057	68.50471530011632	65.73838879376481	66.86357045979572	67.02489621927428	65.87751844339597	65.64297084171146
Bac.1.H.C.M	68.1017915668772	67.25875661940977	67.24743424990778	66.96448990001649	67.03858921609746	65.28238318326879	68.04881817850664	66.78987209350295	0.0	71.02978545565446	70.91302788050902	70.60193527038878	65.09887952136586	66.0871668180308	69.18093523932467	65.6193388513302	67.20593980961748	66.62773799336719	66.07613831293632	66.86157134617056	65.9742083336529	67.2934063123107	67.18847734711227	66.02883393263664	67.22645319761382	64.96707241751224	65.84252656202659	66.48870392765599	66.87684918112893	66.77832534957474	66.47315574146438	67.01836190222059	65.09944457011179	67.55421075071946	67.35615350593342	65.58680356156997	65.5323864391164	64.97009817266934	66.1188207142095	64.22859344709704	63.48083537496889	67.49626784373203	65.56959479946629	63.692580886288226	65.70001218433833	66.87807172792489	65.67448437087232	65.14738301070709	67.2167758210764	62.43233780956047	68.25231768831735	63.521823142163896	64.78341064259239	64.30827630170288	66.86753261455388	65.51261865024766	65.85074102221981	66.69121490569438	66.72769282084265	65.85453653125089	65.48715350970438	64.39378017626522	64.75180385208417	64.93701923074823	66.20586989296827	65.13859863596544	69.08186190050485	66.30474783351445	67.54500101835352	65.94906756016984	66.82079071658778	66.23153892961571
Bac.1.H.D.K	70.28174453578109	69.73014253899014	70.51029776964376	70.43799840301557	70.84665513624402	70.10732783207375	70.63913378184746	70.36767797258462	71.02978545565446	0.0	72.32974761321557	72.60900932695262	67.70433770474747	69.65944329881387	71.61406559495134	69.24657632733415	69.14064116685076	68.6845543685325	69.46354223981635	69.01499272764006	68.45434682959741	67.77481991309303	68.45807434421555	69.08159478418186	71.34621896725395	69.65039135086012	70.59903197802527	69.92417858282373	70.09529616044652	69.80340166748712	69.35321725990649	70.14067123355538	69.05675443571293	70.1540940725951	70.10711867618956	69.52681497274635	69.04600066641022	69.73253494919058	68.85835995854333	67.86324485209818	66.19893862822214	70.02834660186245	69.33655013136602	67.30494384534448	68.45638553608912	69.02622274001935	69.70872675665504	67.69250655342313	70.69878627943321	66.73273835064438	71.89348784006745	67.57788700772059	68.78814619795517	68.4307397455391	71.07573113268872	68.9995309697867	69.4723951941898	69.69996958474806	71.2838755638874	69.27067715842382	68.50403731206416	67.70015650560256	68.7048344655731	68.34648156652185	69.32863130231102	68.72199141820363	70.83857090982362	69.89450293106597	70.17735441455378	70.66207446749563	69.32830330451807	69.16326589687564
Bac.1.H.D.L	70.7909046576862	69.81436767718387	70.35533174205723	71.38259160893847	71.08132231322843	69.58328757011705	70.90679185720745	71.09221163710585	70.91302788050902	72.32974761321557	0.0	72.88998973864403	67.92336827028642	69.94954374500954	71.78163560813037	68.80330834270775	69.32805386378534	69.33473693204166	69.9865777099548	70.29570173222815	69.93829203334941	68.71371307881704	70.23479357880008	69.70093684333237	71.82449516688142	70.25360918416058	70.83218942430635	69.23770253977555	69.68712915347733	69.79845296793069	70.02682028944318	70.61633958312392	69.60093710590228	71.05687364942868	70.49998232288716	69.22230009269721	69.46711958090688	68.66778080017333	69.10497672117124	69.23141693202227	66.34437603215298	70.21285104694053	70.42540727580023	66.8321310550688	69.79918038884342	69.90176092792883	69.92777633728399	68.19633269253319	70.55081590088984	66.53655431621641	71.99621049100394	67.46173611296838	68.72159360780991	67.66194553117317	70.3427424568073	69.80899910159211	69.78603185339863	70.27352217508108	70.36622305875206	69.39152442998041	69.37073939992854	67.77614044033619	68.23096200313178	68.44825995505228	68.58524233617467	68.84986764831088	71.24558755836719	69.64377554361253	70.1556901536354	71.21432033877099	69.8941333185374	69.26105847278791
Bac.1.H.D.M	69.75058261476232	70.06760663091485	70.13514321439543	70.16967753966186	72.11671833326442	68.85426383814493	70.60516516322583	70.52577598864552	70.60193527038878	72.60900932695262	72.88998973864403	0.0	67.58511899972153	69.7025920173156	71.0946608437066	69.34914519588877	70.07589283613852	68.84328828158007	70.39658064623939	69.13938369408145	70.00443698463715	69.4418465853503	70.62661533032707	69.67676395210871	71.34312549378178	69.97799065671131	70.12888798688935	69.0279377696651	69.66993129697575	69.2327304946056	69.4475967762869	70.64199042777594	69.20117293790543	70.93296588266631	70.69345390054698	69.0346477126058	69.1709465098564	68.29052524770843	68.72561273751077	68.82238514623124	66.69367263807445	70.0315546229818	70.0426717958867	66.59307678264972	69.97574753339056	69.46299725946278	69.17485247875022	68.2013061019784	69.90091577264552	66.66513138106424	71.79246185205415	67.44634273535671	68.30731686760235	67.3738225132113	70.54356457199954	69.12788536233806	68.94646505773406	69.8685131456381	70.01568806038492	68.14176248243749	68.38638470601947	68.0560145911741	68.52735187547596	68.25503202901928	68.33332051362821	68.94078902425773	71.2640113354963	70.1739554259305	70.93721242260352	70.21341669254974	69.31021786156336	69.9753852241783
Bac.1.P.A.K	61.58082763740606	64.56786091722391	63.900162378181605	66.04022560570613	64.06056218152874	63.28297533398228	65.34135060053823	64.84623283992252	65.09887952136586	67.70433770474747	67.92336827028642	67.58511899972153	0.0	60.57378526097535	61.22025015482559	62.74121339382405	59.395792955611675	59.00356687199758	62.85925742385671	61.979155908472755	60.173219715942615	60.83081300341744	59.49140864129738	61.85599539853855	63.94576530388355	63.73125272976082	64.2074968459441	62.51921445661687	64.18315093754467	62.826840727549325	63.97324075981753	64.82994089828917	62.8061707640957	63.626266627845915	64.18389231253016	62.49516415907594	60.322305559653856	62.32262367511171	63.807157371695716	60.80085975325976	58.92325486660392	63.73029756420815	62.19590191087889	59.44332691734595	62.919957855491056	63.3358639273227	61.95876657756059	62.042176709126544	63.7532671363748	59.83179450962779	66.08793840525097	61.47467059487041	62.74776374859145	61.45530064128509	64.33966761232563	63.83608839674862	64.42281943448378	64.69498445315398	64.99689404134676	63.14103797502327	62.87088496764744	61.44496970671849	61.5928316814925	60.60314190580399	64.08803740670142	63.576423403274696	64.32294607519547	62.394293591911854	65.63516479364822	63.93530039915701	63.30712896228003	61.91141124939321
Bac.1.P.A.L	65.06751147217001	65.35986374805654	66.27700577831796	66.49253566831926	65.95213143719066	65.1463732200191	67.25164299646343	66.90102293737547	66.0871668180308	69.65944329881387	69.94954374500954	69.7025920173156	60.57378526097535	0.0	65.52479739973724	64.58748189181509	64.27565194515994	60.28463892894203	63.895792354012926	65.39082849528553	63.59026741979987	63.96718747401447	64.34168789839747	64.11743084176086	65.81607375684112	65.39343626927861	65.66507574681084	63.52815502055944	65.39134532785555	64.32310572205841	64.55953091018601	66.04401752949794	63.53065314960739	65.92358093891593	65.81295340286277	64.83817649873498	63.45580767555266	63.520466962780226	63.87009304705576	63.07706601625482	61.03422899540198	65.55748846236048	64.90097962909506	61.22891577419363	64.61891952042342	66.06967755367968	64.13188643500402	64.24334455043866	64.7843658931885	61.46946768213948	66.87391454082525	63.306009965865044	63.57012971898932	61.69287556559838	66.34054310687753	65.04074024216293	65.38179216487173	64.66002827150469	66.47448284727014	64.11437928396796	64.05696956961727	62.37700422918545	63.43876189836716	63.56119605538525	64.52008250209836	65.22987132558372	65.7851056194391	64.62482534539708	67.47340313895351	66.0001306013422	64.84317812500508	62.892484184244545
Bac.1.P.A.M	66.64866607935541	67.93089098853712	67.46272936572443	69.28891926839127	68.45755407735102	67.22795422324074	67.88190298147703	68.67707041319387	69.18093523932467	71.61406559495134	71.78163560813037	71.0946608437066	61.22025015482559	65.52479739973724	0.0	66.26533150304877	64.62584154922851	63.92217500939471	65.41737310841545	64.8253137852657	64.60763019972929	64.12694186875726	63.67559044467797	66.10834342140076	68.27625663884025	67.03493537609893	68.34723473945274	67.33431395666291	67.48651195231736	66.91395707894382	68.01203604709009	68.74260785723209	67.73121629744826	67.52073103304359	68.0432705121981	66.85605105657993	65.36945425418611	65.5874151473149	67.26903732103476	65.49637485172444	63.10807015629099	67.65292537821279	66.18125269672142	62.91094132894104	66.91986517366881	67.43886522688635	67.12205412508376	66.24932473652139	68.83333850344191	64.66099699222457	71.14228940042125	64.84333449558035	67.33467430473037	65.09803051069287	68.06345678743176	67.17712559602334	67.61051901467287	67.93407949098997	68.38974944750669	68.16301994691347	66.83327606855778	65.15554479632652	66.30543898611731	65.3336791794212	66.74835350990836	66.31949420883778	67.64789853571095	66.86212333018861	68.84232088380189	67.66334304200761	67.23523398434054	64.89342821155915
Bac.1.P.B.K	64.80523558071356	65.01710587438623	64.26741682265168	66.5910513904615	65.23783714043755	64.4008240180182	64.24250154146458	67.05645970538002	65.6193388513302	69.24657632733415	68.80330834270775	69.34914519588877	62.74121339382405	64.58748189181509	66.26533150304877	0.0	63.29594848904604	63.80064551213889	62.87196765085731	63.44825816967415	63.40815269131121	62.84837958778502	63.72566310296389	63.41418636644565	66.05616367889691	64.51751303109624	64.7021519142703	65.1325393532433	64.74180944620313	64.40083005251014	64.31739585959126	66.84206947499743	64.26681246939592	65.28234866957929	65.92505389713327	64.10769013997614	62.80041678652383	63.05083949835068	63.11045672466079	62.639351334848605	61.22830137179981	64.29448270272609	64.04903704724762	61.0826748169744	63.7144841635844	64.34054123582767	63.97771320255289	63.03477797946748	65.87283954318629	61.08584414891829	66.15001680258811	62.60683815516556	63.79475110493812	61.88007406168994	65.31832879881784	64.28720859754833	65.69651559965101	65.00026673352697	66.09591121651796	63.75060773804733	64.20818613578662	62.61648791276352	62.15088228635693	62.71772440676103	63.792351899195005	62.65916101161144	64.7164589132361	63.943437194009924	66.87968370062572	65.82850514072813	63.50813391247199	62.53561770279283
Bac.1.P.B.L	64.35656354379246	65.25123718302555	64.95800714626432	67.89107735212251	65.04128169915658	65.09274241837882	65.9863341838351	66.56347565018733	67.20593980961748	69.14064116685076	69.32805386378534	70.07589283613852	59.395792955611675	64.27565194515994	64.62584154922851	63.29594848904604	0.0	61.11826439113813	62.15598841296243	63.774024631888786	61.8808761154062	62.52816963556177	59.14123298398726	63.154698359530265	66.00505000697625	66.01871786277256	65.94474594914327	65.52480505310905	65.41854434503638	64.47116102435851	65.38107559906062	67.0887078657137	64.70451223753469	66.41118976083423	64.99731352695224	65.01019191039131	63.77277962923367	63.27552016677168	64.17244949731973	62.86936384081961	59.91050460082347	64.90320887524351	64.25275613853664	61.83371308481251	64.58909960444426	65.60381533460034	64.124714332972	62.67004018532488	66.41022679910418	62.02430483086452	68.09768058442425	62.01283092570369	63.87624561095982	63.097448038039005	67.10232216854531	66.19090877066968	66.28855471217913	65.23268669548706	66.88272347679403	65.23722049626086	64.12905283235435	63.010296229803096	61.78505514798876	61.768080518189	63.86372196800819	63.752815090440755	64.49052400646055	63.789198314157304	66.99977499865768	66.03385598880789	63.88450042009495	63.11308417791184
Bac.1.P.B.M	64.52174760046091	64.34401175377155	65.05516963471666	67.24675010491373	64.83936008125076	64.24763551758922	66.51116018852862	65.19079531917934	66.62773799336719	68.6845543685325	69.33473693204166	68.84328828158007	59.00356687199758	60.28463892894203	63.92217500939471	63.80064551213889	61.11826439113813	0.0	62.04249495067567	62.70773595940436	61.79604501559595	62.7047311889516	61.22246932195378	62.43233004465651	65.19913287214253	64.13694569752516	65.41871166096415	63.24592572320102	65.05460633953442	64.26409980335735	63.9916724440813	64.67131694474527	63.02518339756229	65.29492560957289	64.47825019208096	63.87446080530583	62.29925318879301	62.58299008602124	64.75379069617405	62.00293647993194	59.30127081962447	64.16494848584156	63.40847206931161	60.3400075784731	64.1017127017047	64.37933019049181	63.44282994175225	63.13137299620485	64.89431188770935	60.7245695910775	66.90424909211038	60.27304998884592	62.954948107727986	62.42897716718646	64.90903656910395	64.2762940717488	64.01662150548553	65.14389025335518	65.73346878338478	64.73490873792485	63.66959090122874	61.507796574345384	62.3997733912543	61.37382555420002	62.9767073237251	63.87536104399833	66.03063264089468	64.75568724975085	65.67245193917317	65.16936929847049	64.2478729836799	61.164926927613614
Bac.1.P.C.K	65.74122938157487	65.67841721312176	66.00454522253125	66.99934513744509	66.66714495750358	64.9319162398749	66.10511227424703	66.53040219887855	66.07613831293632	69.46354223981635	69.9865777099548	70.39658064623939	62.85925742385671	63.895792354012926	65.41737310841545	62.87196765085731	62.15598841296243	62.04249495067567	0.0	64.68068482031815	63.14757256797774	63.50175883237702	62.35164568868039	64.36883962076774	65.72708308557166	65.63259602274884	66.00601242992775	65.6247306844515	65.40181432690672	64.32115429688372	64.84719265644739	65.77212217352186	64.52117455748913	66.82748218945524	66.12602411644457	65.2069051703154	64.16521589153128	62.70332454916193	63.66350310496976	63.896238738134464	60.747952122611935	65.2374651150047	63.58107768184318	62.01269397110659	64.20777667942845	66.3470246091486	64.70840344502943	63.58476524642526	65.95826142415922	61.23327144792868	67.58098487816568	62.52876325682204	62.95132378018822	62.07703561991611	66.6297675495054	65.65079756930034	66.59637325587448	66.0233463422766	67.28605826169297	65.20464312850316	63.42741453973041	62.387462150627606	63.41851981378863	63.1474310341893	65.16951983214088	63.6239112694668	66.64364862744179	64.93660372488434	66.57724894210322	65.1071229708159	63.91218637545122	63.22021379718699
Bac.1.P.C.L	64.40785242949863	66.1252256408057	65.30281470092912	67.83721942819713	66.01090700782734	65.24281673596336	65.92181854523818	66.92609253577582	66.86157134617056	69.01499272764006	70.29570173222815	69.13938369408145	61.979155908472755	65.39082849528553	64.8253137852657	63.44825816967415	63.774024631888786	62.70773595940436	64.68068482031815	0.0	62.391220092254706	61.95688413463112	63.22958109358461	64.03773447701859	66.45062939792338	65.08287616352399	66.07711189912507	65.89478718348008	64.96923397782837	64.88071050397174	65.3825454669431	66.72994004417565	64.86816318431713	66.02271872351524	65.83285541798865	65.55471982703466	63.81068595615607	64.63860887698058	65.85047777825615	63.90020501696497	61.9333723802908	65.57721614999609	65.05111908876736	61.64894503427403	64.70079496991664	63.112570581325464	65.25501064727631	64.43460655222981	66.33517459286244	63.019744926469905	68.36437723694279	64.0857073682415	65.21723815907598	63.35498094426295	66.64926636516404	64.85879981970479	65.6222991677474	64.88232463727658	66.66234390542004	65.93605396443786	64.42881653687245	64.14536486197125	64.62724293109517	63.990515939872324	66.32771280139258	65.16318135836336	66.53137720877906	65.26130743074975	67.04325088510585	66.99117851068321	65.70566117377943	64.77696196668302
Bac.1.P.C.M	64.73573194150359	65.30785459843321	65.42682392720184	67.08123107229727	64.24270748055687	64.32151538725923	65.3447806828675	66.29593056855542	65.9742083336529	68.45434682959741	69.93829203334941	70.00443698463715	60.173219715942615	63.59026741979987	64.60763019972929	63.40815269131121	61.8808761154062	61.79604501559595	63.14757256797774	62.391220092254706	0.0	61.532717440172966	60.905086655725746	63.20379956887482	65.86859841849021	65.41927919164627	65.61935075252146	64.63345518647566	65.40696824203448	64.49568028632655	64.17149079836895	65.41161726790534	63.34503044962042	66.27954658578712	63.59035460302495	64.66905764878175	63.212465940596005	63.675184201980905	65.39979101964431	61.076641926407646	61.352067963965595	64.01164864716401	63.120062312034726	60.32880014940565	63.88900402125276	64.54237747862389	63.76137190889984	63.645581190669944	65.53390973910669	62.08175550311105	66.82972954145905	63.306460004598954	64.19751603870439	62.52077234530443	65.78909200773275	65.37970877833374	64.36100827892557	64.83974075093379	66.12702961493069	64.73342117423826	65.04508080335813	62.88643198349658	63.40223321376191	62.984186956292604	64.68031650723756	64.30340978060694	64.98322847075191	63.19587542880136	66.18988851914872	63.421202959994	64.88158822651683	63.084118610519084
Bac.1.P.D.K	65.39157365995605	65.40639402462577	65.34371178365984	66.34478013881211	65.88864634333612	65.18324881334507	65.58010117941778	66.35853824346263	67.2934063123107	67.77481991309303	68.71371307881704	69.4418465853503	60.83081300341744	63.96718747401447	64.12694186875726	62.84837958778502	62.52816963556177	62.7047311889516	63.50175883237702	61.95688413463112	61.532717440172966	0.0	60.699007702144904	62.927915694250636	67.30380801720872	65.00242507684138	64.99491970307528	64.23314149778165	64.75323268619316	65.34473671307865	64.02804519645026	66.22766080338839	65.16828127450614	65.54858830811703	65.2290616126318	64.44546307308147	63.7381638149124	63.91497492748912	64.52923746712293	62.54879348690558	60.78540170139102	64.94796432825748	63.9321166868664	61.66281161792646	63.92616850561086	63.05611473557855	63.99503114734026	62.787207370428284	65.68251854264587	61.26518119497369	67.3960728548953	63.40951172210061	64.57242492255452	61.97975445466258	65.03186154144746	64.93696522430261	66.0231915843059	63.697838070482376	65.480304599767	64.61522168478982	64.3928190415438	63.16603125055276	64.43997786470344	64.22581353306045	64.38312267943918	63.27827052341016	65.37989019349224	63.08144967494193	64.97549866122657	64.68103680212425	64.36493022771542	63.22376603139341
Bac.1.P.D.L	64.96181255343926	65.14045491564501	65.61759023322905	68.0695304567916	65.1507978860028	66.02685034646437	65.82224635344873	67.39870830734468	67.18847734711227	68.45807434421555	70.23479357880008	70.62661533032707	59.49140864129738	64.34168789839747	63.67559044467797	63.72566310296389	59.14123298398726	61.22246932195378	62.35164568868039	63.22958109358461	60.905086655725746	60.699007702144904	0.0	63.198949340742075	67.0708390608992	65.81044026313832	66.90270065461577	65.33913553423761	66.58555105107831	65.31492463129658	64.8584516202976	66.41857193617001	65.6582086326144	65.91658995960141	65.80633662647782	65.43629004933882	64.03983238223093	63.79798382120954	65.33484395376942	62.92841622395741	60.72767169072611	65.35821327580932	64.44961331141567	62.44511778671986	65.38049376122716	64.95096997465684	64.6746731836718	64.0542303508146	67.01792366588302	62.054670661126934	68.9657281578184	62.226130222202876	64.38527739402548	62.950818229703444	67.35621056783951	66.06543726518187	66.53778946919502	64.88280986733447	67.29035418612148	65.4157618654067	64.56669734817257	63.18260534132647	62.686538532397606	62.821011546227304	65.00678725149473	63.68921953405711	65.30500864094776	64.53429401478405	66.22814685933825	65.32015680016009	63.97041941924407	62.818593955860734
Bac.1.P.D.M	65.37161221693945	65.00475054903747	64.92631831175015	66.21506410469833	65.72509529008286	65.47272526146476	66.4654228064281	65.8229026447715	66.02883393263664	69.08159478418186	69.70093684333237	69.67676395210871	61.85599539853855	64.11743084176086	66.10834342140076	63.41418636644565	63.154698359530265	62.43233004465651	64.36883962076774	64.03773447701859	63.20379956887482	62.927915694250636	63.198949340742075	0.0	66.33736158646536	64.24880295193104	65.53050556678508	64.75882716668264	65.96211934840355	64.71499665842128	65.4369888510508	66.23466202907521	64.26791361380859	65.95885386110874	65.33984283256689	63.767351718578276	63.659353907802	64.86174878570296	64.27123154811679	62.7707217816073	60.919995975449815	65.81331622520362	64.89243926110018	61.037689502343255	64.62886192384374	64.52826248292764	64.2763808831737	63.50125758657892	65.11194399462208	60.13437269183791	66.9373728575279	62.35437531055756	64.26305159404211	62.23689299666607	65.96676364684623	65.33650230925052	66.09892964474092	65.78106337260141	66.73152027791626	64.01051583183154	63.099020815482874	63.20513042925895	62.22918226987129	63.007893011480796	63.842043040287926	64.03528666135921	66.08022050737114	64.82119660974868	65.31625492469605	66.27444111387003	64.10258304130004	64.08664042847293
Bac.2.H.A.K	66.15648872152616	67.58406120389132	66.0769353587365	67.20684025718559	67.62028916321275	65.62720752166632	68.65080977603833	67.45881489187991	67.22645319761382	71.34621896725395	71.82449516688142	71.34312549378178	63.94576530388355	65.81607375684112	68.27625663884025	66.05616367889691	66.00505000697625	65.19913287214253	65.72708308557166	66.45062939792338	65.86859841849021	67.30380801720872	67.0708390608992	66.33736158646536	0.0	66.08258849170868	66.60566759643955	65.56897775017299	65.34830835912281	66.19348546984698	65.7680461476304	66.81541487119188	65.11295674377692	67.51601232724865	65.95681226804489	65.05555407462182	65.36702906728821	64.6080600742973	66.58711338110983	64.4692724619069	62.2553780953159	66.76584393448888	67.28784593143591	62.91042598592813	65.24445666470194	67.70687986933495	64.95537081659762	65.29130957202078	65.97563113757715	62.825286950520415	67.57934006090038	64.65638569247882	63.8025078452359	64.370875948089	66.8024940397621	66.17249886440204	66.15450831980299	67.51007187144226	67.5216507513306	66.06221871343294	65.11848771498582	64.43951926934079	63.238525676754044	63.367692390736465	65.28433856385038	64.78344163668349	67.05290759873996	66.58700740168965	68.90505056909522	67.79402003049493	67.02570194515073	66.11258223640907
Bac.2.H.A.L	65.2923224245015	65.78405316518429	65.32787680076103	64.92625851949337	66.17085626454042	64.72804725889755	66.68044375294454	65.40184162651971	64.96707241751224	69.65039135086012	70.25360918416058	69.97799065671131	63.73125272976082	65.39343626927861	67.03493537609893	64.51751303109624	66.01871786277256	64.13694569752516	65.63259602274884	65.08287616352399	65.41927919164627	65.00242507684138	65.81044026313832	64.24880295193104	66.08258849170868	0.0	65.78966554687209	64.60063908660533	64.16136769201924	64.60631736492942	64.38380158760701	65.03525954420955	64.00475500348747	66.43990587024223	65.50415929277447	64.78956934574074	64.94754747582152	64.17148937192728	64.5378716909102	63.754917185595396	62.10397563082147	65.95943043928213	65.15712675023758	61.51490880138867	65.60693544833522	66.11778148284063	64.540156573821	64.03438188455712	65.38799488889269	60.957231348968605	67.44668097773449	62.482857364211924	62.953545445764085	62.5405371810247	64.97565474479399	63.58905024790823	64.56983243522761	64.68650207783612	64.87171561877116	64.3129277194226	64.26377680758323	63.92271886911914	62.672114140290255	63.069056166597896	64.99881014299991	64.54405466913687	66.97289822301614	64.67960414153013	66.18523871788216	65.83010145100089	65.25355788438	65.45219245245265
Bac.2.H.A.M	66.69239955548129	67.50679829967486	66.33570455866885	67.89792118993174	67.65741330430235	66.29097625358877	66.48166662246354	66.55930819992494	65.84252656202659	70.59903197802527	70.83218942430635	70.12888798688935	64.2074968459441	65.66507574681084	68.34723473945274	64.7021519142703	65.94474594914327	65.41871166096415	66.00601242992775	66.07711189912507	65.61935075252146	64.99491970307528	66.90270065461577	65.53050556678508	66.60566759643955	65.78966554687209	0.0	64.66409038946615	65.53741912055112	64.52863769090038	64.22679772533827	67.20570146616903	63.474060403252174	66.39723165441572	66.07041373975676	64.52122618859242	64.70598296858552	64.42163722918374	65.48867734590186	62.88368359534699	61.2605854561066	66.01046325093029	65.7961682557242	62.78593207319537	65.02839827623197	66.2722739441663	65.02532053535572	63.01114849405443	66.39705810521397	62.05641524548174	67.38389839083948	63.294173328666965	65.5897725949741	64.01575853838888	65.93263216017125	65.3384789628805	65.82073730581041	66.26488784723794	66.72239797165044	65.7424283059294	63.819107206603945	63.25590780782605	63.70492355828677	63.650907834421744	64.02374348921416	64.2121409605084	67.65098784067908	66.24924233656321	66.5275755851996	66.58654819653756	65.37011465725831	64.05375422302102
Bac.2.H.B.K	64.94316275819546	65.66539483132722	64.37460618665094	66.28743307769763	66.77553235781221	64.16134590360478	66.3565583991686	64.05503962341811	66.48870392765599	69.92417858282373	69.23770253977555	69.0279377696651	62.51921445661687	63.52815502055944	67.33431395666291	65.1325393532433	65.52480505310905	63.24592572320102	65.6247306844515	65.89478718348008	64.63345518647566	64.23314149778165	65.33913553423761	64.75882716668264	65.56897775017299	64.60063908660533	64.66409038946615	0.0	63.49179614792494	63.72948251348886	62.94620741873421	64.92453485150202	62.61219524543454	66.17054692975529	64.06934014409423	65.2757896959663	64.21754352417743	63.79592228892139	64.57684697769568	63.04938137952214	60.91457995917161	64.58701115981307	66.21144327135453	60.5039979084475	64.67839879458805	65.67634052127273	63.543110294816714	64.06685605129445	63.516661429579514	60.70922671191521	66.44792179974642	62.278027602006986	62.71959300489723	61.38111190943063	65.37356773885027	63.90030611543035	65.10581423081744	64.00268582600657	64.79135702190761	63.90549972696245	62.42551503529886	61.669814994209396	63.247068211130085	63.55087639240157	63.89974559591618	64.23448134425914	65.53886672734711	64.22146236426605	65.2393977740345	66.42620501142733	64.32514269119353	63.33945191376912
Bac.2.H.B.L	65.35293551562853	66.46789177063344	64.67337716613224	66.27408944173746	66.22693173345542	63.93521813397215	65.62460585572569	65.43862664169431	66.87684918112893	70.09529616044652	69.68712915347733	69.66993129697575	64.18315093754467	65.39134532785555	67.48651195231736	64.74180944620313	65.41854434503638	65.05460633953442	65.40181432690672	64.96923397782837	65.40696824203448	64.75323268619316	66.58555105107831	65.96211934840355	65.34830835912281	64.16136769201924	65.53741912055112	63.49179614792494	0.0	65.55829877891516	63.60861709495403	65.34980761206192	63.824641519528484	66.82223030771098	64.79337654187583	63.97840153627281	64.62481332723434	63.68700759767282	63.751633580667274	64.2020536482045	60.70828633818643	64.76462072969137	65.72339999526929	61.08064107209056	64.04308304093625	66.4353531610371	63.12734779099767	63.75584493189636	65.30244680467347	61.677922409197095	65.59184063286865	62.67456852702434	62.881988639351896	62.15916270197011	63.63178387115578	63.0027955740295	64.89531558846726	64.60929386530182	65.30584199852345	64.83132281455099	62.460056061977745	63.460488965813866	63.768131461326426	63.90646303475079	63.66922049490055	64.19662090477829	67.01998299135215	65.38375004021431	66.14397435952627	65.95127340631214	66.81964472368219	64.15874905011725
Bac.2.H.B.M	64.74704116569933	64.93570515552359	65.36321467077431	67.69524093931416	67.0348663441572	64.92867345364333	65.98862238435169	65.2951690471994	66.77832534957474	69.80340166748712	69.79845296793069	69.2327304946056	62.826840727549325	64.32310572205841	66.91395707894382	64.40083005251014	64.47116102435851	64.26409980335735	64.32115429688372	64.88071050397174	64.49568028632655	65.34473671307865	65.31492463129658	64.71499665842128	66.19348546984698	64.60631736492942	64.52863769090038	63.72948251348886	65.55829877891516	0.0	65.2449123423667	66.01599388784258	62.9837618233161	65.29679221420584	65.54054854864327	64.68333968503323	63.89148486398882	63.912987497062424	65.10565185327503	63.27217998594249	60.38946437795897	64.67853833439479	65.51347436258472	62.023160680434884	63.467433394592135	65.81083616384421	64.80463792335863	63.38776872266867	64.68072547781318	61.08975967358896	67.47312442542612	62.04576756886354	64.1724995684639	61.321831021866245	65.01999240445319	65.57797082378352	64.21712795183028	64.94583172079348	66.38270426194538	64.38368853875873	63.986866458966425	62.169102819840475	62.03000045039522	62.11288261258062	64.22680269332886	63.47776339745942	65.85189690688043	63.43015682247246	65.15044586405837	66.21301433121113	64.09842157746917	63.8599451816169
